256
512
24
0 12 3 3
1 12 18 3
2 12 33 3
3 12 48 3
4 12 63 3
5 12 78 3
6 12 93 3
7 12 108 3
8 12 123 3
9 12 138 3
10 12 153 3
11 12 168 3
12 12 183 3
13 12 198 3
14 12 213 3
15 12 228 3
16 12 3 30
17 12 18 30
18 12 33 30
19 12 48 30
20 12 63 30
21 12 78 30
22 12 93 30
23 12 108 30
24 12 123 30
25 12 138 30
26 12 153 30
27 12 168 30
28 12 183 30
29 12 198 30
30 12 213 30
31 12 228 30
32 12 3 57
33 12 18 57
34 12 33 57
35 12 48 57
36 12 63 57
37 12 78 57
38 12 93 57
39 12 108 57
40 12 123 57
41 12 138 57
42 12 153 57
43 12 168 57
44 12 183 57
45 12 198 57
46 12 213 57
47 12 228 57
48 12 3 84
49 12 18 84
50 12 33 84
51 12 48 84
52 12 63 84
53 12 78 84
54 12 93 84
55 12 108 84
56 12 123 84
57 12 138 84
58 12 153 84
59 12 168 84
60 12 183 84
61 12 198 84
62 12 213 84
63 12 228 84
64 12 3 111
65 12 18 111
66 12 33 111
67 12 48 111
68 12 63 111
69 12 78 111
70 12 93 111
71 12 108 111
72 12 123 111
73 12 138 111
74 12 153 111
75 12 168 111
76 12 183 111
77 12 198 111
78 12 213 111
79 12 228 111
80 12 3 138
81 12 18 138
82 12 33 138
83 12 48 138
84 12 63 138
85 12 78 138
86 12 93 138
87 12 108 138
88 12 123 138
89 12 138 138
90 12 153 138
91 12 168 138
92 12 183 138
93 12 198 138
94 12 213 138
95 12 228 138
96 12 3 165
97 12 18 165
98 12 33 165
99 12 48 165
100 12 63 165
101 12 78 165
102 12 93 165
103 12 108 165
104 12 123 165
105 12 138 165
106 12 153 165
107 12 168 165
108 12 183 165
109 12 198 165
110 12 213 165
111 12 228 165
112 12 3 192
113 12 18 192
114 12 33 192
115 12 48 192
116 12 63 192
117 12 78 192
118 12 93 192
119 12 108 192
120 12 123 192
121 12 138 192
122 12 153 192
123 12 168 192
124 12 183 192
125 12 198 192
126 12 213 192
127 12 228 192
128 12 3 219
129 12 18 219
130 12 33 219
131 12 48 219
132 12 63 219
133 12 78 219
134 12 93 219
135 12 108 219
136 12 123 219
137 12 138 219
138 12 153 219
139 12 168 219
140 12 183 219
141 12 198 219
142 12 213 219
143 12 228 219
144 12 3 246
145 12 18 246
146 12 33 246
147 12 48 246
148 12 63 246
149 12 78 246
150 12 93 246
151 12 108 246
152 12 123 246
153 12 138 246
154 12 153 246
155 12 168 246
156 12 183 246
157 12 198 246
158 12 213 246
159 12 228 246
160 12 3 273
161 12 18 273
162 12 33 273
163 12 48 273
164 12 63 273
165 12 78 273
166 12 93 273
167 12 108 273
168 12 123 273
169 12 138 273
170 12 153 273
171 12 168 273
172 12 183 273
173 12 198 273
174 12 213 273
175 12 228 273
176 12 3 300
177 12 18 300
178 12 33 300
179 12 48 300
180 12 63 300
181 12 78 300
182 12 93 300
183 12 108 300
184 12 123 300
185 12 138 300
186 12 153 300
187 12 168 300
188 12 183 300
189 12 198 300
190 12 213 300
191 12 228 300
192 12 3 327
193 12 18 327
194 12 33 327
195 12 48 327
196 12 63 327
197 12 78 327
198 12 93 327
199 12 108 327
200 12 123 327
201 12 138 327
202 12 153 327
203 12 168 327
204 12 183 327
205 12 198 327
206 12 213 327
207 12 228 327
208 12 3 354
209 12 18 354
210 12 33 354
211 12 48 354
212 12 63 354
213 12 78 354
214 12 93 354
215 12 108 354
216 12 123 354
217 12 138 354
218 12 153 354
219 12 168 354
220 12 183 354
221 12 198 354
222 12 213 354
223 12 228 354
224 12 3 381
225 12 18 381
226 12 33 381
227 12 48 381
228 12 63 381
229 12 78 381
230 12 93 381
231 12 108 381
232 12 123 381
233 12 138 381
234 12 153 381
235 12 168 381
236 12 183 381
237 12 198 381
238 12 213 381
239 12 228 381
240 12 3 408
241 12 18 408
242 12 33 408
243 12 48 408
244 12 63 408
245 12 78 408
246 12 93 408
247 12 108 408
248 12 123 408
249 12 138 408
250 12 153 408
251 12 168 408
252 12 183 408
253 12 198 408
254 12 213 408
